3000749
3001291
3001292
3002127
3002452
3004118
3004856
3004880
3005613
3005620
3006130
3006139
3006147
3007720
3008469
3008762
3008778
3008780
3008849
3008883
3008896
3009726
3009847
3009855
3010069
3010092
3010100
3010197
3010241
3011064
3011736
3012238
3013429
3013451
3013929
3014379
3014694
3014703
3014714
3015243
3015255
3015734
3016159
3016164
3016339
3016698
3016885
3017086
3017482
3017487
3019085
3019156
3019157
3019158
3020532
3020547
3020630
3020942
3021474
3021511
3022954
3022956
3023367
3023694
3024349
3024485
3025558
3025991
3026491
3026621
3027056
3027063
3027069
3027904
3027905
3027908
3028763
3029597
3029834
3030327
3033210
3033843
3033863
3033955
3035545
3035546
3035547
3035715
3035717
3036049
3037517
3037530
3037565
3037649
3037780
3037859
3038284
3038407
3038744
3038759
3040680
3041010
3041789
3042272
3043066
3043075
3043218
3043703
3043716
3043793
3045952
3046309
3046316
3047659
3048038
3048039
3049136
3049162
3049181
3049367
3049401
3049957
3049993
3050299
3050363
3051871
3051996
3052077
3052780
3053122
3053522
3053903
3054174
3054175
3054615
3055509
3056071
3056086
3056111
3056250
3056273
3056285
3056641
3056645
3056649
3057020
3057034
3057053
3057416
3057560
3057662
3057687
3057930
3057984
3058025
3058578
3058587
3059176
3059183
3059269
3059297
3059306
3059310
3059422
3059443
3059477
3060165
3060356
3060360
3060393
3060434
3060777
3060782
3061834
3062489
3063786
3063876
3064275
3064465
3064874
3065191
3065390
3066019
3066367
3067751
3067752
3068548
3068551
3068884
3069147
3069354
3069357
3069539
3069833
3069835
3070423
3070685
3071761
3072203
3072214
3072929
3073206
3073301
3075431
3078176
3078883
3078967
3078971
3080387
3080432
3080438
3080493
3080494
3080498
3080960
3080961
3082927
3084181
3084183
3084457
3084593
3084672
3085681
3085907
3085912
3085919
3085960
3086127
3089505
3089735
3089761
3089891
3089913
3089922
3089948
3089986
3089990
3090013
3090473
3090742
3090904
3090991
3091110
3091210
3091360
3092338
3093051
3093058
3093121
3093868
3094477
3094497
3095487
3095985
3095997
3096188
3096296
3096299
3096582
3096700
3096911
3096962
3096972
3097204
3097499
3097785
3097888
3097903
3098840
3098849
3099143
3099190
3099404
3099447
3099525
3099641
3099731
3099802
3100425
3100512
3101208
3101244
3101303
3101912
3101988
3103319
3103531
3103534
3103567
3103570
3103696
3104909
3104911
3104952
3104976
3105064
3105083
3105094
3105114
3105528
3105721
3106205
3106270
3107595
3108246
3108346
3108870
3109055
3109991
3109992
3110218
3110739
3111832
3112105
3112107
3112118
3113204
3113230
3113312
3113565
3113579
3113760
3113775
3114042
3114319
3114942
3114948
3115189
3115670
3116219
3116349
3116529
3116550
3118214
3119402
3119650
3119873
3119973
3120052
3120707
3120715
3120717
3121145
3121267
3121836
3122297
3122627
3122628
3122796
3123019
3123155
3123156
3123515
3123616
3124140
3124199
3124214
3124471
3124492
3124513
3124758
3125406
3126286
3127416
3129189
3129469
3129476
3129508
3129543
3129893
3129907
3129910
3131028
3133657
3133930
3133937
3133939
3133992
3134078
3134195
3134198
3134199
3134206
3134209
3134392
3135811
3136308
3136356
3136893
3137070
3137697
3140012
3140325
3140956
3140963
3140970
3140973
3141842
3142066
3142427
3142446
3143191
3144718
3144719
3144722
3144759
3145102
3145121
3145690
3145746
3145989
3146739
3146758
3147105
3147168
3147180
3147620
3147850
3148345
3149041
3149055
3149726
3149727
3150006
3150010
3150785
3150790
3151774
3152331
3152700
3152736
3152761
3153126
3153734
3155054
3155326
3155977
3156682
3157033
3157094
3157740
3157750
3158105
3158209
3158307
3158364
3159284
3159923
3159940
3160380
3161690
3161695
3162204
3163328
3163329
3163332
3163383
3163699
3163830
3163990
3164605
3164663
3164696
3165122
3166052
3166064
3166112
3166606
3166647
3166648
3166698
3167231
3167235
3167665
3167952
3169747
3169899
3170141
3170285
3170741
3171027
3171254
3171255
3171256
3172958
3172978
3173240
3173267
3173287
3173709
3173755
3174345
3174441
3174475
3176276
3176277
3176299
3176317
3176466
3176500
3176773
3178107
3178723
3179006
3179170
3179597
3180052
3182367
3182695
3183613
3183639
3183642
3184174
3184589
3184632
3184671
3184922
3184943
3185817
3186272
3186763
3187455
3187482
3187543
3188019
3188394
3188396
3188525
3188838
3188982
3189352
3190021
3190022
3190048
3190586
3191435
3191436
3191443
3193274
3193275
3193341
3193345
3193895
3193937
3194122
3194574
3194575
3194834
3195984
3195991
3196004
3196103
3196113
3196389
3196400
3196401
3198003
3199080
3199142
3200433
3200441
3201357
3201776
3204678
3205099
3205586
3206179
3206201
3206641
3206643
3206646
3206652
3206661
3206670
3206886
3206887
3206914
3207108
3207435
3207884
3208090
3208451
3208671
3208757
3208759
3208779
3208783
3209123
3209124
3210053
3210116
3210141
3210199
3210709
3210714
3210766
3210827
3211737
3212057
3212550
3213291
3213873
3215105
3215426
3215435
3215457
3215625
3215778
3215779
3215781
3216656
3216839
3216840
3216859
3216862
3217299
3217423
3218068
3218252
3218268
3218679
3218828
3220473
3220481
3220920
3221110
3221874
3221883
3221899
3222542
3223696
3224204
3224216
3224250
3224275
3224308
3224409
3225342
3225418
3225767
3225899
3226724
3227440
3227455
3227568
3228008
3228048
3228056
3228060
3229001
3229013
3229084
3229336
3229570
3229957
3230257
3230273
3231004
3231063
3231171
3231761
3231765
3231818
3231824
3231916
3231951
3232207
3232241
3232357
3232415
3232416
3232554
3232739
3233278
3233782
3234252
3234254
3234258
3234639
3234858
3236414
3236850
3237985
3238188
3238803
3239217
3239690
3239751
3239758
3239764
3239902
3239907
3240173
3242059
3242113
3242305
3242374
3242424
3243534
3243798
3243854
3245084
3245334
3248185
3248229
3248240
3248276
3250727
3252180
3252761
3252842
3253113
3254319
3254322
3254697
3254750
3254886
3254996
3255654
3255666
3256838
3256839
3257962
3257964
3258157
3258183
3258184
3258664
3258987
3259479
3259488
3259560
3259690
3260077
3260442
3260576
3260602
3260608
3260615
3262051
3262335
3262351
3262955
3262993
3263112
3263134
3265310
3265325
3266171
3266198
3266238
3267091
3267104
3268493
3268591
3268629
3269541
3269920
3270268
3270288
3270586
3270705
3271080
3271419
3271427
3271903
3271913
3272102
3272213
3272427
3272486
3273245
3273318
3273327
3274712
3275052
3275795
3275886
3276379
3276979
3277145
3278164
3278278
3278392
3278595
3278723
3278729
3278783
3279640
3280354
3281713
3282075
3282094
3282727
3282729
3283759
3284033
3284082
3284288
3284300
3284305
3284564
3284608
3284876
3285330
3285336
3285339
3286342
3286349
3286684
3286694
3286710
3286941
3287217
3287228
3287277
3287294
3287558
3288644
3289144
3289457
3290172
3290342
3290416
3290790
3290809
3290824
3291225
3291232
3291935
3292619
3292969
3293038
3293040
3293567
3295143
3295371
3296099
3296707
3297572
3297748
3297841
3297860
3297947
3297953
3298371
3299468
3299484
3300528
3300660
3300668
3300991
3301602
3302701
3302950
3303567
3303570
3303633
3303996
3304057
3304560
3304565
3304822
3304893
3305050
3305812
3305813
3307523
3307526
3307877
3308262
3308328
3308553
3308608
3308630
3308631
3310328
3310443
3310799
3311458
3311813
3311825
3312234
3313439
3313444
3313445
3314425
3314446
3314637
3315257
3315372
3315410
3315545
3316091
3316092
3316187
3316316
3316321
3316408
3316811
3316813
3318175
3319795
3320078
3320190
3320260
3322310
3323671
3324781
3327940
3327987
3328818
3328946
3329463
3329869
3330290
3331237
3331470
3331471
3331478
3331898
3331921
3332039
3332209
3333522
3333594
3333803
3333805
3333810
3333811
3333818
3333932
3334432
3334671
3335350
3335782
3335833
3336048
3336582
3336915
3337296
3337709
3337734
3337759
3337948
3338408
3339435
3340821
3342312
3343543
3343993
3344104
3344120
3344563
3345005
3345016
3347079
3347594
3347839
3347934
3348209
3348230
3349362
3349500
3349719
3350054
3350242
3350245
3350435
3350438
3350502
3351661
3351698
3352026
3352362
3352423
3352435
3352439
3352606
3352614
3352629
3352725
3352747
3352820
3352822
3352832
3353787
3354014
3354462
3354639
3354988
3354997
3355538
3355598
3355985
3356399
3356651
3357232
3357281
3357591
3357882
3358281
3359971
3360045
3360122
3360404
3362210
3362325
3363736
3363881
3363998
3366225
3366302
3366342
3366697
3366886
3367240
3367244
3368057
3368776
3368783
3369145
3369215
3369311
3369619
3369783
3369838
3369972
3369990
3369993
3370017
3370025
3370027
3370515
3370562
3370580
3371001
3371733
3371749
3371754
3371908
3372412
3372414
3372421
3372600
3373190
3374292
3374464
3375047
3375049
3375367
3375368
3376237
3377018
3377805
3377823
3377835
3378177
3378401
3378478
3378479
3378682
3378733
3378774
3379429
3379618
3379688
3379719
3379774
3379960
3379995
3380003
3380530
3380538
3381137
3381277
3381360
3381409
3381905
3381924
3382073
3382117
3382973
3383319
3383326
3384132
3384243
3384369
3384427
3384460
3384568
3385635
3385836
3385849
3387432
3387505
3387546
3387572
3387880
3387883
3389036
3390661
3391537
3392016
3392950
3395126
3395490
3397303
3398198
3398207
3398498
3399053
3399287
3401125
3402066
3402524
3402526
3402774
3402862
3402894
3403188
3403196
3403239
3403315
3403357
3404720
3404745
3405715
3405836
3406054
3407559
3407594
3409021
3409184
3409218
3410641
3410652
3410671
3410715
3411451
3411849
3412094
3412096
3412098
3413084
3413152
3413159
3413161
3413169
3413191
3413690
3413722
3414405
3414407
3415079
3415100
3415114
3415200
3415204
3415492
3415506
3417839
3417904
3417910
3417966
3418702
3418834
3419257
3420474
3420601
3421535
3421630
3421633
3421647
3421648
3421649
3421651
3422440
3422627
3422644
3422960
3423022
3423762
3424389
3424406
3424559
3426193
3426753
3426842
3426844
3427598
3429041
3429077
3429251
3430332
3430677
3430778
3430784
3431665
3432187
3433081
3433255
3433434
3433437
3433440
3433509
3433783
3435214
3435233
3435277
3435853
3435858
3436918
3437088
3437110
3437302
3437307
3437570
3437578
3437584
3437641
3437642
3437955
3438430
3438487
3438525
3439124
3439574
3440484
3441263
3441265
3442174
3442533
3442884
3444775
3444790
3446374
3446376
3446489
3447429
3449724
3451143
3453366
3459354
3463441
3463445
3480727
9998828
9999561
AAI3000478
AAI3017792
AAI3017794
AAI3018227
AAI3018244
AAI3018255
AAI3018269
AAI3033098
AAI3033104
AAI3033153
AAI3033160
AAI3458834
AAI3458836
AAI3459751
AAI3463719
AAI3463731
AAI3471388
AAI3472102
AAI3472268
AAI3476671
AAI3476792
AAI3479910
AAI3488549
AAI3488722
AAI3488966
AAI3489320
AAI3491509
AAI3493020
AAI3496265
AAI3502280
AAI3520839
AAI3520845
AAI3521042
AAI3525075
AAI3525079
AAI3530770
AAI3530795
AAI3531236
AAI3538281
AAI3538305
AAI3571121
AAI3571654
AAI3579952
AAI3586144
AAI3674219
AAI3674237
AAI9031303
AAI9604120
AAI9632309
AAI9635703
AAI9638278
AAI9713619
AAI9831949
AAI9841099
AAI9841243
AAI9900200
AAI9900263
AAI9907056
AAI9907059
AAI9907588
AAI9907970
AAI9907972
AAI9911624
AAI9913586
AAI9913590
AAI9913597
AAI9913609
AAI9914531
AAI9920870
AAI9921115
AAI9924792
AAI9924986
AAI9924988
AAI9944196
AAI9950990
AAI9953752
AAI9969140
AAI9971097
AAI9974984
AAI9977312
AAI9979902
AAI9981236
AAI9981269
AAI9982239
AAI9982638
AAI9983047
AAI9983048
AAI9983787
AAI9984285
AAI9988079
AAI9990227
AAI9991251
AAI9991401
AAI9991492
AAI9992097
AAI9992606
AAI9995038
