3000388
3002875
3003048
3003732
3003784
3004152
3004928
3004946
3006405
3006626
3007369
3007461
3007997
3009607
3010431
3010874
3011553
3014786
3014815
3014893
3015815
3016185
3017397
3017414
3017763
3019098
3019412
3019607
3019745
3020348
3021025
3021502
3021635
3022059
3022147
3022341
3023941
3024078
3024516
3025246
3025320
3025416
3026213
3026345
3026422
3026428
3026429
3026525
3026770
3027030
3027033
3027035
3027535
3027723
3027785
3029714
3029847
3029877
3029912
3030087
3030181
3030576
3031323
3031521
3032789
3033462
3033486
3034147
3035397
3035689
3035703
3036261
3036969
3037792
3038628
3038676
3038829
3040210
3040300
3040313
3040351
3040369
3040400
3040819
3040822
3040865
3041314
3042241
3042322
3042343
3042874
3043325
3044015
3044651
3044847
3044857
3044866
3045185
3045905
3046226
3047140
3047166
3047348
3047701
3047756
3047843
3047866
3048249
3048486
3048487
3048655
3048657
3048685
3049280
3049560
3049569
3049753
3049754
3050226
3050794
3051000
3052399
3052471
3052531
3052907
3053136
3055385
3056722
3058123
3058312
3060048
3060266
3060299
3061050
3061059
3061192
3061438
3061522
3061957
3062863
3063185
3063459
3064482
3064484
3064495
3065609
3065630
3066446
3066484
3067183
3067385
3067477
3067721
3069056
3069351
3070225
3070698
3071115
3071152
3071158
3071538
3071900
3072263
3073012
3073074
3074137
3079028
3079103
3079156
3081140
3081621
3081776
3081806
3082044
3083312
3083872
3083901
3084039
3084198
3084204
3084908
3085417
3085480
3086744
3087114
3087131
3087620
3087683
3087827
3087899
3088276
3088559
3088970
3089420
3092470
3093567
3093576
3094308
3094581
3094585
3094781
3096787
3097215
3098312
3098320
3099577
3099996
3100156
3101128
3103691
3103838
3103859
3105375
3105776
3106447
3106636
3106761
3107368
3108676
3108827
3109703
3109921
3111254
3111592
3112387
3112416
3112426
3112552
3112652
3113500
3113542
3114463
3114624
3114635
3114648
3116672
3116681
3117167
3118377
3118485
3118664
3119003
3119448
3120108
3121607
3121627
3121825
3122865
3123398
3123949
3124882
3124956
3125553
3125630
3125638
3125856
3125990
3126044
3126322
3126487
3127024
3127144
3127225
3127285
3127454
3127716
3129394
3130528
3130850
3133532
3133578
3134429
3134438
3134499
3134831
3135385
3135553
3136624
3136672
3136995
3137053
3137349
3138550
3138874
3139919
3139967
3140590
3141295
3141482
3142677
3142756
3142782
3143843
3145259
3145508
3145594
3145601
3146187
3146324
3146541
3147303
3147527
3148115
3148832
3148874
3149006
3149846
3149923
3150341
3150500
3151086
3151115
3155454
3155461
3155519
3157803
3158811
3159156
3159672
3159818
3160342
3160737
3161792
3162847
3163525
3164711
3164905
3165019
3165333
3166533
3167359
3167398
3169875
3171037
3171170
3172386
3172875
3172910
3173126
3173563
3174126
3174600
3175340
3175381
3175691
3175855
3176147
3176841
3177288
3177682
3179133
3179407
3180448
3180841
3181770
3181845
3182997
3184728
3184886
3185140
3185155
3185193
3185216
3185239
3187075
3188191
3188470
3189868
3190745
3191394
3192267
3193048
3194193
3194825
3194842
3195951
3196132
3196643
3196646
3196657
3196658
3196660
3198379
3199508
3199639
3199987
3200933
3201831
3202931
3202974
3203039
3203256
3203332
3204131
3204315
3207079
3207574
3208774
3208984
3209223
3210286
3210484
3210553
3211643
3211648
3211669
3211774
3211872
3211893
3212121
3212770
3212833
3212933
3213622
3214795
3214797
3215695
3215702
3215969
3216068
3217483
3218009
3218084
3219023
3221119
3221613
3221893
3221968
3222067
3222178
3222185
3223026
3223880
3224317
3225175
3225181
3225198
3225351
3225614
3225649
3225665
3225668
3225675
3225679
3228811
3229670
3229940
3230438
3230997
3231326
3232658
3233422
3233441
3235529
3235697
3236981
3237091
3237429
3237792
3238544
3238754
3240000
3244015
3244017
3244018
3247278
3247281
3247485
3247488
3248192
3248454
3248874
3248966
3249705
3250138
3250482
3250715
3251414
3254269
3254344
3255128
3255555
3256493
3256895
3256900
3258474
3258589
3258969
3259318
3259585
3259659
3259951
3262257
3262750
3262813
3263693
3263694
3263698
3264712
3264855
3266038
3266059
3266493
3267004
3267005
3267010
3267688
3268781
3268783
3269588
3269704
3270431
3271745
3273053
3273296
3273304
3273667
3273698
3273798
3274131
3274158
3276880
3277027
3277939
3278626
3279248
3280043
3280273
3280274
3280694
3280860
3280902
3280915
3281249
3281330
3283225
3283254
3283469
3284156
3284174
3284470
3285275
3285774
3286397
3286545
3286867
3288255
3290081
3291837
3292108
3292335
3293519
3293913
3294302
3294705
3294789
3295354
3295750
3296068
3297500
3298892
3298953
3299831
3300328
3301412
3301796
3301872
3301877
3302116
3302120
3302121
3302224
3302354
3302411
3302584
3302884
3303328
3303620
3303927
3305398
3305854
3308292
3308531
3308574
3308994
3310026
3310034
3310132
3310448
3310574
3310842
3310893
3310935
3310944
3310946
3311518
3311521
3311906
3312084
3312190
3312868
3313231
3314582
3315138
3315155
3315190
3315276
3315809
3315989
3316007
3316719
3316882
3317556
3318321
3318621
3318700
3319961
3319963
3320654
3321256
3322512
3322575
3322814
3323313
3323405
3323420
3323939
3324141
3324462
3324665
3325368
3326213
3326351
3326709
3326719
3326730
3326828
3328069
3328191
3328194
3328519
3329489
3329738
3330869
3330943
3332355
3332511
3332518
3335207
3335270
3335621
3336558
3337176
3337229
3337405
3337448
3338019
3338868
3339901
3340185
3340272
3341196
3341499
3341744
3341918
3343437
3344382
3344458
3345157
3345487
3348463
3349558
3349888
3349895
3351325
3351391
3352002
3352118
3352775
3353098
3353099
3353102
3353105
3353552
3353628
3353815
3354759
3354876
3355896
3356221
3356831
3356901
3359451
3359618
3360423
3360777
3360803
3360994
3360997
3361023
3361316
3361583
3362405
3363768
3363852
3363933
3364355
3364563
3364600
3364687
3365195
3367076
3367697
3367837
3367838
3367918
3367973
3368343
3368346
3368402
3368773
3368921
3369522
3370263
3370279
3370362
3370367
3370623
3370640
3371470
3371472
3371520
3371594
3371961
3371975
3372025
3373039
3373686
3374198
3374271
3374417
3377519
3377738
3378142
3378464
3379854
3381050
3381499
3381992
3382535
3383210
3383247
3383397
3383812
3384926
3386109
3386219
3387525
3387848
3387895
3388076
3388104
3388382
3388596
3388716
3388927
3388928
3389376
3389806
3390608
3391773
3392158
3392894
3393920
3394820
3395085
3396813
3398116
3399458
3399800
3399861
3402258
3404066
3404312
3405113
3406551
3407282
3407368
3408454
3408967
3409447
3409471
3410819
3411171
3411370
3411529
3411908
3412119
3414277
3415866
3416088
3417303
3417875
3419907
3421009
3421378
3422160
3422267
3423226
3423249
3423261
3424366
3424780
3425053
3426022
3427758
3428380
3428675
3430327
3430544
3431200
3433411
3433583
3433585
3435746
3436215
3436353
3436953
3437725
3442431
3444444
3446183
3446184
3447474
3447752
3448258
3449072
3455012
3466151
3470063
3484249
3485928
9992363
9998172
9998255
9999358
NQ57452
NQ59216
NQ61620
NQ67898
NQ71475
NQ71501
NQ71675
NQ78278
NQ78365
NQ78671
NQ80903
NQ83019
NQ84640
NQ84994
NQ88475
NQ91683
NQ92731
NQ94948
NQ99453
NR02736
NR03010
NR04219
NR10522
NR11665
NR12843
NR13256
NR15781
NR22084
NR23026
NR23062
NR23515
NR23684
NR23832
NR25715
NR26770
NR27872
NR27931
NR28085
NR30117
NR30333
NR31938
NR31960
NR33069
NR35740
NR37401
NR38997
NR39802
NR41010
NR41018
NR41610
NR43360
NR43928
NR46416
NR50714
NR52513
NR57825
NR59513
NR62185
NR64097
NR64895
NR65818
NR66285
NR68588
NR72031
NR73559
