3002516
3010197
3010241
3010265
3031367
3050299
3050306
3050363
3053903
3073206
3073301
3089913
3089922
3089948
3089986
3089990
3090013
3119973
3131639
3145102
3145121
3158105
3174345
3176276
3176277
3176299
3179170
3190586
3206179
3206670
3206914
3213291
3252761
3254697
3254886
3255654
3255666
3262993
3268574
3271080
3272850
3274712
3278392
3289144
3297841
3303570
3303996
3304462
3316091
3316092
3336582
3344536
3350054
3350242
3350245
3350435
3350438
3352606
3352614
3352629
3356399
3359771
3360045
3366225
3366697
3369145
3369215
3389036
3402066
3402862
3402894
3413152
3423762
3433081
