10000296
10000544
10001443
10004237
10007460
10009271
10009420
10009836
10010631
10024046
10029226
10031983
10036010
10043081
3443290
3450773
3450775
3450781
3450945
3453022
3453321
3454250
3454259
3454272
3454289
3454494
3454518
3454925
3456757
3457096
3457536
3457556
3457562
3457750
3458264
3458495
3458834
3458836
3459156
3459751
3459887
3460380
3460422
3460450
3460873
3462967
3463719
3463731
3464767
3465141
3466635
3466803
3467085
3468522
3469329
3469411
3471388
3471490
3472102
3472268
3473316
3473344
3473496
3474600
3474601
3474613
3476671
3476792
3477727
3478581
3479380
3479404
3479493
3479910
3480160
3480294
3480827
3480863
3481044
3481142
3481153
3481159
3481808
3482803
3483148
3486145
3486305
3486639
3488044
3488264
3488549
3488722
3488966
3489320
3489982
3491052
3491509
3493020
3493841
3493939
3494029
3494661
3494772
3495363
3496265
3496271
3497860
3499171
3501669
3502280
3502884
3503139
3503190
3503347
3504202
3505628
3505982
3506182
3507115
3507249
3507250
3507743
3507744
3507945
3508581
3508595
3508619
3509240
3509290
3509963
3510052
3510626
3510806
3511183
3511638
3511775
3512021
3512150
3512422
3512578
3512743
3513305
3515334
3517334
3517369
3517389
3517426
3517435
3518131
3518772
3518817
3519251
3520839
3520845
3521042
3521493
3521563
3522607
3522857
3522995
3523017
3523214
3523297
3523768
3523974
3524423
3525075
3525079
3525740
3525762
3525877
3525889
3525896
3526467
3528902
3528907
3528908
3528911
3528912
3529412
3530016
3530125
3530126
3530770
3530795
3531236
3531428
3531951
3532075
3532777
3533337
3533706
3534138
3534474
3534872
3535146
3535750
3536318
3537079
3537700
3537726
3537773
3537896
3537935
3538251
3538281
3538305
3538764
3539485
3540098
3540563
3540916
3540918
3540991
3544133
3544311
3544348
3544379
3544429
3544540
3545115
3545208
3545321
3545357
3545499
3545553
3545807
3546078
3546107
3546592
3547068
3547312
3547601
3548140
3548527
3549525
3550207
3550394
3550898
3550900
3553477
3556193
3556552
3558112
3559228
3559715
3559981
3560066
3560080
3560129
3560486
3560517
3560798
3560815
3560838
3561659
3561889
3562762
3563079
3563365
3563604
3564721
3565331
3565925
3565947
3565991
3566126
3567398
3567432
3568290
3568854
3568982
3570693
3571121
3571155
3571168
3571654
3572213
3572377
3574492
3575193
3575600
3575623
3575655
3575662
3576503
3577718
3577868
3579894
3579952
3581673
3581686
3581844
3582114
3582320
3582387
3582390
3582401
3582544
3582622
3584322
3584353
3584382
3584667
3585458
3586144
3586152
3586211
3586967
3586973
3587078
3587293
3587748
3587750
3587946
3588104
3588357
3588358
3588728
3588877
3589997
3590110
3590579
3591246
3592068
3592293
3592512
3593449
3593473
3594497
3595269
3595418
3596174
3596281
3596367
3596370
3597232
3597235
3597241
3597244
3597365
3599002
3599242
3599492
3599496
3599698
3601180
3601197
3601210
3601211
3603217
3603755
3604752
3604758
3604878
3605053
3605410
3605646
3605920
3606405
3606696
3609501
3610742
3610794
3611370
3612265
3613307
3613426
3614145
3616113
3616686
3616737
3618644
3618965
3619035
3619756
3620365
3620438
3621321
3621919
3623388
3623412
3623492
3623812
3623961
3624164
3624185
3624582
3624910
3624946
3625704
3627946
3627995
3628870
3629157
3631478
3631685
3631886
3631910
3632097
3632421
3632836
3633105
3633373
3634272
3635020
3635155
3635223
3635411
3636083
3636333
3636494
3636609
3636740
3636795
3637187
3637193
3637535
3637688
3637821
3637955
3638041
3640055
3641092
3641262
3641385
3641386
3641414
3643815
3644039
3646129
3662381
3662427
3663291
3663302
3663714
3664649
3667198
3668689
3668716
3669526
3670665
3670708
3670730
3670761
3670762
3671233
3671259
3671268
3671274
3671371
3671402
3671556
3671587
3671657
3671794
3672247
3672645
3673037
3673485
3673727
3673749
3673816
3674219
3674237
3674254
3680821
3681778
3682168
3682480
3682481
3683262
3684306
3684352
3686896
3687122
3687128
3687721
3689149
3689230
3690346
3690526
3700880
3701093
3701573
3701608
3702029
3702127
3702152
3702326
3702889
3703864
3703884
3704042
3704201
3704212
3704303
3705153
3705595
3706278
3706299
3706864
3707148
3707921
3708092
3708182
3708563
3710099
3710222
3710251
3710306
3711061
3712554
3712618
3714461
3714782
3715476
3715565
3715615
3717429
3717492
3717881
3718260
3719193
3719278
3719721
3720263
3720311
3720929
3720984
3721657
3721795
3722150
3722264
3722417
3722534
3722553
3723262
3723313
3723881
3723973
3724626
3724657
3726128
3726817
3727031
3727726
3727957
3734308
3734369
3734498
3734682
3735118
3737044
3737372
3740406
3740484
3740505
3742220
3745332
3746374
