3000301
3000388
3000749
3001056
3001291
3001292
3002127
3002452
3002516
3002827
3002875
3002940
3003048
3003427
3003732
3003784
3004118
3004152
3004856
3004880
3004928
3004946
3005613
3005620
3006130
3006139
3006147
3006405
3006626
3007265
3007369
3007461
3007720
3007997
3008295
3008469
3008717
3008762
3008778
3008780
3008849
3008883
3008896
3009064
3009607
3009697
3009726
3009847
3009855
3010069
3010092
3010100
3010197
3010241
3010265
3010431
3010874
3011064
3011116
3011553
3011736
3012238
3012359
3012360
3013016
3013263
3013429
3013451
3013929
3014374
3014379
3014694
3014703
3014714
3014786
3014815
3014874
3014893
3015010
3015243
3015255
3015734
3015815
3016159
3016164
3016185
3016339
3016426
3016698
3016885
3017086
3017089
3017138
3017142
3017397
3017414
3017482
3017487
3017763
3019085
3019098
3019156
3019157
3019158
3019412
3019607
3019745
3019873
3020348
3020532
3020547
3020630
3020942
3020964
3021025
3021474
3021502
3021511
3021635
3021825
3022059
3022147
3022341
3022467
3022736
3022954
3022956
3022965
3023005
3023160
3023291
3023367
3023694
3023941
3024078
3024255
3024349
3024485
3024516
3024755
3025246
3025320
3025416
3025536
3025558
3025991
3026213
3026345
3026422
3026428
3026429
3026491
3026525
3026621
3026770
3027030
3027033
3027035
3027056
3027063
3027069
3027535
3027723
3027785
3027904
3027905
3027908
3028654
3028763
3028998
3029080
3029597
3029714
3029834
3029847
3029877
3029912
3030087
3030181
3030327
3030341
3030576
3030911
3031323
3031367
3031521
3031770
3032789
3033210
3033462
3033486
3033843
3033863
3033952
3033955
3034147
3034548
3035171
3035397
3035545
3035546
3035547
3035689
3035703
3035715
3035717
3036005
3036049
3036261
3036663
3036739
3036945
3036969
3037095
3037517
3037530
3037535
3037565
3037587
3037649
3037780
3037792
3037859
3038284
3038407
3038422
3038600
3038628
3038676
3038744
3038759
3038829
3039131
3039988
3040210
3040300
3040313
3040351
3040369
3040400
3040679
3040680
3040819
3040822
3040865
3041010
3041132
3041314
3041789
3042064
3042241
3042272
3042322
3042343
3042617
3042874
3042944
3043066
3043075
3043218
3043325
3043432
3043703
3043716
3043793
3044015
3044651
3044847
3044857
3044866
3045185
3045905
3045952
3046226
3046309
3046316
3047140
3047166
3047348
3047574
3047596
3047659
3047701
3047756
3047843
3047866
3048038
3048039
3048249
3048486
3048487
3048655
3048657
3048685
3049097
3049136
3049162
3049181
3049280
3049367
3049401
3049560
3049569
3049753
3049754
3049957
3049993
3050226
3050299
3050306
3050363
3050794
3051000
3051660
3051708
3051871
3051996
3052077
3052399
3052471
3052531
3052769
3052780
3052794
3052907
3053121
3053122
3053136
3053172
3053369
3053522
3053903
3054174
3054175
3054460
3054615
3054629
3055259
3055369
3055385
3055509
3056071
3056086
3056111
3056206
3056223
3056250
3056273
3056285
3056641
3056645
3056649
3056722
3057020
3057034
3057053
3057186
3057416
3057560
3057662
3057687
3057930
3057984
3058025
3058123
3058312
3058578
3058587
3058616
3059176
3059183
3059184
3059269
3059297
3059306
3059310
3059422
3059443
3059477
3060048
3060115
3060125
3060132
3060159
3060165
3060266
3060299
3060356
3060360
3060393
3060434
3060777
3060782
3061050
3061059
3061192
3061438
3061522
3061834
3061957
3062489
3062574
3062650
3062863
3063185
3063459
3063786
3063876
3064259
3064275
3064298
3064299
3064300
3064465
3064482
3064484
3064495
3064874
3064994
3065001
3065191
3065378
3065390
3065609
3065630
3066019
3066367
3066395
3066446
3066484
3067183
3067262
3067385
3067467
3067477
3067721
3067751
3067752
3068548
3068551
3068884
3069056
3069147
3069351
3069354
3069357
3069539
3069833
3069835
3070225
3070423
3070444
3070526
3070685
3070698
3071115
3071152
3071158
3071319
3071320
3071538
3071761
3071830
3071900
3072203
3072214
3072263
3072457
3072929
3073012
3073074
3073206
3073301
3073923
3074137
3074667
3075431
3075558
3076012
3076935
3077615
3077624
3078176
3078243
3078249
3078252
3078319
3078452
3078883
3078967
3078971
3079028
3079103
3079156
3079984
3080387
3080432
3080438
3080493
3080494
3080498
3080908
3080960
3080961
3081140
3081621
3081776
3081806
3082044
3082927
3083278
3083312
3083872
3083901
3084039
3084181
3084183
3084198
3084204
3084457
3084593
3084672
3084908
3085417
3085480
3085681
3085907
3085912
3085919
3085960
3086039
3086127
3086475
3086744
3087114
3087131
3087620
3087683
3087743
3087827
3087899
3088190
3088276
3088559
3088970
3089420
3089505
3089735
3089761
3089891
3089913
3089922
3089948
3089986
3089990
3090013
3090473
3090742
3090904
3090991
3091097
3091110
3091210
3091360
3091921
3092338
3092470
3092543
3093051
3093058
3093121
3093396
3093523
3093567
3093576
3093868
3094128
3094143
3094308
3094477
3094497
3094581
3094585
3094781
3094804
3095487
3095985
3095997
3096188
3096264
3096296
3096299
3096569
3096582
3096700
3096787
3096911
3096962
3096970
3096972
3096979
3097204
3097215
3097499
3097785
3097888
3097903
3098060
3098312
3098320
3098518
3098691
3098840
3098849
3099143
3099190
3099404
3099447
3099448
3099525
3099577
3099641
3099731
3099802
3099996
3100156
3100425
3100512
3100781
3101128
3101208
3101244
3101303
3101912
3101988
3103206
3103319
3103531
3103534
3103567
3103570
3103691
3103696
3103838
3103859
3104715
3104909
3104911
3104952
3104976
3105037
3105064
3105083
3105094
3105114
3105375
3105528
3105721
3105776
3106205
3106251
3106270
3106447
3106636
3106761
3107368
3107595
3108246
3108346
3108492
3108676
3108699
3108827
3108870
3109055
3109091
3109703
3109921
3109991
3109992
3110099
3110218
3110739
3111254
3111592
3111832
3112105
3112107
3112118
3112387
3112416
3112426
3112552
3112584
3112652
3112881
3113204
3113230
3113312
3113331
3113500
3113542
3113565
3113579
3113760
3113775
3113888
3114042
3114319
3114463
3114624
3114635
3114648
3114942
3114948
3114949
3115189
3115510
3115619
3115670
3116021
3116219
3116231
3116344
3116349
3116529
3116550
3116672
3116681
3117167
3118214
3118377
3118485
3118664
3119003
3119392
3119402
3119448
3119650
3119873
3119973
3120052
3120108
3120707
3120715
3120717
3120885
3121018
3121022
3121145
3121267
3121607
3121627
3121825
3121836
3121922
3122297
3122627
3122628
3122664
3122676
3122685
3122796
3122865
3123019
3123155
3123156
3123398
3123515
3123566
3123616
3123949
3124131
3124140
3124156
3124199
3124214
3124471
3124492
3124513
3124758
3124882
3124956
3125406
3125553
3125630
3125638
3125856
3125990
3126044
3126286
3126322
3126487
3127024
3127144
3127225
3127285
3127307
3127416
3127454
3127716
3129189
3129394
3129469
3129476
3129508
3129543
3129720
3129893
3129907
3129910
3130528
3130850
3130901
3131028
3131174
3131190
3131537
3131548
3131639
3133532
3133578
3133657
3133930
3133937
3133939
3133992
3134078
3134195
3134198
3134199
3134206
3134209
3134392
3134429
3134438
3134499
3134831
3135385
3135553
3135811
3135845
3136206
3136308
3136356
3136624
3136672
3136893
3136995
3137053
3137070
3137349
3137602
3137680
3137697
3138550
3138617
3138874
3139667
3139919
3139967
3140012
3140027
3140325
3140351
3140382
3140590
3140956
3140963
3140970
3140973
3141295
3141482
3141842
3142066
3142267
3142427
3142446
3142677
3142756
3142782
3143191
3143370
3143843
3144421
3144549
3144718
3144719
3144722
3144759
3144941
3145102
3145121
3145259
3145508
3145594
3145601
3145690
3145746
3145989
3146119
3146187
3146324
3146541
3146739
3146758
3147105
3147168
3147180
3147303
3147527
3147614
3147620
3147646
3147666
3147673
3147694
3147850
3148115
3148345
3148832
3148874
3148946
3149006
3149041
3149055
3149726
3149727
3149846
3149923
3149958
3149975
3150006
3150010
3150174
3150341
3150500
3150785
3150790
3150837
3151086
3151115
3151660
3151774
3151823
3152331
3152700
3152720
3152736
3152761
3153126
3153697
3153734
3155054
3155326
3155454
3155461
3155519
3155977
3156085
3156682
3157033
3157094
3157577
3157693
3157703
3157740
3157750
3157803
3158105
3158209
3158307
3158364
3158617
3158811
3159156
3159284
3159672
3159818
3159923
3159940
3160342
3160380
3160737
3161399
3161690
3161695
3161792
3161968
3161985
3162204
3162235
3162253
3162847
3163328
3163329
3163332
3163383
3163525
3163699
3163830
3163990
3164605
3164663
3164696
3164711
3164905
3165019
3165122
3165333
3166052
3166064
3166112
3166533
3166606
3166647
3166648
3166698
3167231
3167235
3167359
3167398
3167510
3167665
3167952
3169747
3169875
3169899
3170141
3170285
3170561
3170741
3171023
3171027
3171037
3171170
3171254
3171255
3171256
3172023
3172159
3172386
3172875
3172910
3172958
3172978
3172998
3173126
3173240
3173267
3173287
3173563
3173709
3173755
3174126
3174345
3174441
3174475
3174600
3175340
3175381
3175485
3175691
3175855
3176147
3176276
3176277
3176299
3176317
3176466
3176500
3176572
3176692
3176767
3176773
3176841
3177082
3177288
3177682
3178107
3178427
3178721
3178723
3179006
3179133
3179170
3179407
3179597
3179600
3179900
3179914
3180015
3180052
3180448
3180634
3180841
3181770
3181845
3182316
3182367
3182419
3182695
3182714
3182997
3183613
3183639
3183642
3184174
3184589
3184632
3184671
3184728
3184886
3184915
3184920
3184922
3184943
3184948
3184950
3185140
3185155
3185193
3185216
3185239
3185757
3185776
3185797
3185817
3185853
3186272
3186763
3187075
3187455
3187482
3187489
3187543
3187544
3188019
3188191
3188294
3188394
3188396
3188420
3188445
3188470
3188525
3188838
3188939
3188982
3189352
3189868
3190021
3190022
3190048
3190586
3190745
3191145
3191394
3191415
3191435
3191436
3191443
3192267
3193048
3193274
3193275
3193341
3193345
3193704
3193895
3193937
3194122
3194193
3194574
3194575
3194825
3194834
3194842
3195305
3195315
3195335
3195578
3195951
3195984
3195991
3196004
3196103
3196113
3196132
3196225
3196389
3196400
3196401
3196643
3196646
3196657
3196658
3196660
3198003
3198379
3198673
3198685
3198687
3198689
3198691
3198827
3199080
3199142
3199508
3199639
3199987
3200126
3200277
3200433
3200441
3200933
3201357
3201776
3201831
3202931
3202974
3203039
3203128
3203256
3203332
3204131
3204248
3204315
3204678
3205099
3205586
3205964
3206179
3206201
3206641
3206643
3206646
3206652
3206661
3206670
3206843
3206886
3206887
3206914
3207079
3207108
3207435
3207574
3207705
3207884
3208090
3208241
3208451
3208671
3208757
3208759
3208774
3208779
3208783
3208984
3209121
3209123
3209124
3209223
3210053
3210116
3210141
3210199
3210207
3210286
3210434
3210442
3210484
3210553
3210709
3210714
3210766
3210827
3211643
3211648
3211669
3211737
3211774
3211872
3211893
3212057
3212121
3212478
3212550
3212662
3212770
3212833
3212933
3213291
3213368
3213622
3213873
3214795
3214797
3215105
3215426
3215433
3215435
3215443
3215457
3215625
3215695
3215702
3215778
3215779
3215781
3215969
3216068
3216632
3216656
3216839
3216840
3216859
3216862
3217278
3217299
3217423
3217483
3218009
3218068
3218084
3218252
3218268
3218679
3218828
3219023
3219178
3220073
3220335
3220473
3220481
3220773
3220920
3221110
3221119
3221613
3221874
3221883
3221893
3221899
3221915
3221968
3222067
3222178
3222185
3222453
3222542
3223026
3223603
3223696
3223880
3224014
3224025
3224204
3224216
3224243
3224250
3224275
3224308
3224317
3224409
3225175
3225181
3225198
3225342
3225351
3225418
3225614
3225649
3225665
3225668
3225675
3225679
3225767
3225899
3226724
3226988
3227440
3227443
3227455
3227568
3227579
3227756
3228008
3228048
3228056
3228060
3228811
3229001
3229003
3229013
3229020
3229084
3229336
3229570
3229670
3229940
3229957
3230257
3230273
3230438
3230545
3230622
3230997
3231004
3231063
3231171
3231326
3231761
3231765
3231818
3231824
3231840
3231916
3231951
3232171
3232207
3232241
3232265
3232357
3232415
3232416
3232554
3232658
3232739
3232849
3233278
3233422
3233441
3233782
3234252
3234254
3234258
3234307
3234639
3234760
3234858
3235529
3235697
3236414
3236850
3236981
3237091
3237429
3237792
3237985
3238188
3238544
3238754
3238803
3239217
3239656
3239690
3239751
3239758
3239761
3239764
3239902
3239907
3239910
3240000
3240173
3240380
3240412
3241431
3241539
3241844
3242059
3242113
3242305
3242374
3242424
3242897
3243245
3243534
3243779
3243798
3243854
3244015
3244017
3244018
3245084
3245334
3245349
3245989
3246048
3247278
3247281
3247485
3247488
3247623
3248185
3248192
3248229
3248240
3248276
3248454
3248874
3248966
3249705
3250138
3250332
3250482
3250715
3250727
3251022
3251193
3251414
3251668
3251973
3252180
3252453
3252761
3252842
3253113
3254269
3254319
3254322
3254344
3254430
3254697
3254750
3254886
3254996
3255128
3255555
3255654
3255666
3256493
3256838
3256839
3256895
3256900
3256928
3257962
3257964
3258157
3258183
3258184
3258474
3258589
3258664
3258816
3258969
3258987
3259318
3259479
3259488
3259498
3259560
3259585
3259659
3259690
3259951
3260077
3260096
3260274
3260432
3260442
3260574
3260576
3260602
3260608
3260615
3261404
3262051
3262257
3262335
3262351
3262750
3262813
3262955
3262993
3263106
3263112
3263134
3263327
3263662
3263693
3263694
3263698
3264258
3264325
3264591
3264712
3264794
3264855
3265293
3265310
3265325
3265824
3266038
3266059
3266171
3266189
3266198
3266238
3266241
3266493
3267004
3267005
3267010
3267091
3267104
3267688
3268342
3268343
3268493
3268574
3268591
3268629
3268781
3268783
3269541
3269588
3269704
3269906
3269920
3270126
3270268
3270288
3270431
3270566
3270586
3270705
3271080
3271419
3271427
3271745
3271903
3271913
3272102
3272213
3272392
3272415
3272427
3272486
3272500
3272531
3272766
3272850
3272884
3273053
3273111
3273245
3273296
3273304
3273318
3273327
3273667
3273698
3273798
3274131
3274158
3274712
3275052
3275224
3275795
3275886
3276379
3276880
3276979
3277027
3277145
3277527
3277909
3277939
3278164
3278255
3278278
3278392
3278595
3278626
3278671
3278723
3278729
3278783
3279248
3279640
3280043
3280273
3280274
3280354
3280694
3280860
3280902
3280915
3281141
3281249
3281330
3281713
3282057
3282075
3282094
3282100
3282599
3282727
3282729
3283225
3283254
3283420
3283469
3283759
3284033
3284082
3284122
3284156
3284174
3284288
3284291
3284300
3284305
3284377
3284470
3284564
3284608
3284876
3285275
3285330
3285336
3285339
3285774
3285975
3286342
3286349
3286397
3286545
3286684
3286694
3286710
3286730
3286867
3286941
3287217
3287228
3287277
3287294
3287558
3287984
3288255
3288644
3289144
3289457
3289505
3290081
3290172
3290342
3290416
3290790
3290809
3290824
3291086
3291225
3291232
3291837
3291935
3292108
3292335
3292549
3292558
3292619
3292969
3293038
3293040
3293519
3293567
3293913
3294302
3294409
3294438
3294705
3294789
3295143
3295354
3295371
3295750
3296068
3296099
3296150
3296707
3297307
3297353
3297391
3297500
3297572
3297748
3297841
3297860
3297947
3297953
3298140
3298352
3298371
3298892
3298953
3299468
3299484
3299831
3300328
3300528
3300660
3300668
3300991
3301412
3301492
3301602
3301796
3301822
3301872
3301877
3302116
3302120
3302121
3302224
3302354
3302411
3302584
3302701
3302884
3302950
3303328
3303567
3303570
3303620
3303633
3303927
3303996
3304057
3304225
3304458
3304462
3304560
3304565
3304822
3304893
3305050
3305398
3305688
3305812
3305813
3305854
3306588
3306892
3307523
3307526
3307760
3307877
3308262
3308292
3308328
3308531
3308553
3308574
3308608
3308630
3308631
3308994
3309582
3310026
3310034
3310132
3310328
3310443
3310448
3310574
3310799
3310842
3310893
3310935
3310944
3310946
3310982
3311007
3311441
3311458
3311485
3311518
3311521
3311813
3311825
3311906
3312084
3312190
3312234
3312868
3313081
3313095
3313231
3313439
3313444
3313445
3313467
3314425
3314446
3314582
3314637
3314817
3315097
3315138
3315155
3315190
3315257
3315276
3315372
3315410
3315508
3315545
3315809
3315989
3316007
3316091
3316092
3316187
3316316
3316321
3316408
3316719
3316811
3316813
3316882
3317556
3318175
3318321
3318621
3318644
3318700
3319795
3319961
3319963
3320078
3320190
3320221
3320260
3320654
3320824
3320881
3321256
3321371
3321896
3322310
3322512
3322575
3322814
3323313
3323405
3323420
3323503
3323671
3323939
3324141
3324462
3324665
3324781
3325368
3325879
3326213
3326351
3326709
3326719
3326730
3326828
3327850
3327940
3327976
3327987
3328069
3328191
3328194
3328519
3328818
3328946
3329300
3329463
3329489
3329738
3329869
3330260
3330290
3330317
3330869
3330943
3331237
3331357
3331470
3331471
3331478
3331898
3331921
3332039
3332209
3332355
3332474
3332511
3332518
3333522
3333594
3333788
3333803
3333805
3333810
3333811
3333818
3333932
3334432
3334634
3334671
3335207
3335270
3335350
3335621
3335782
3335833
3336048
3336558
3336582
3336915
3337176
3337229
3337296
3337405
3337448
3337556
3337709
3337734
3337759
3337948
3338019
3338408
3338868
3339345
3339435
3339901
3340185
3340272
3340684
3340821
3341196
3341341
3341499
3341744
3341918
3342312
3343437
3343543
3343734
3343833
3343993
3344104
3344120
3344346
3344382
3344458
3344536
3344563
3345005
3345016
3345157
3345487
3345695
3347079
3347356
3347411
3347594
3347839
3347870
3347934
3348023
3348209
3348230
3348463
3348514
3349017
3349362
3349500
3349558
3349561
3349719
3349888
3349895
3350054
3350242
3350245
3350257
3350435
3350438
3350502
3351305
3351325
3351391
3351661
3351698
3352002
3352026
3352118
3352362
3352423
3352435
3352439
3352606
3352614
3352629
3352661
3352725
3352747
3352775
3352820
3352822
3352832
3353098
3353099
3353102
3353105
3353552
3353628
3353787
3353815
3353945
3354014
3354462
3354470
3354488
3354639
3354728
3354759
3354876
3354897
3354988
3354997
3355538
3355598
3355896
3355985
3356221
3356399
3356455
3356651
3356831
3356901
3357232
3357281
3357468
3357591
3357882
3358281
3358553
3358605
3358611
3359451
3359618
3359771
3359971
3360045
3360122
3360353
3360404
3360423
3360767
3360777
3360803
3360994
3360997
3361023
3361316
3361583
3362210
3362325
3362405
3363411
3363453
3363736
3363768
3363852
3363881
3363933
3363998
3364355
3364563
3364600
3364687
3365195
3366225
3366302
3366342
3366697
3366886
3367076
3367240
3367244
3367697
3367837
3367838
3367918
3367973
3368057
3368343
3368346
3368402
3368773
3368776
3368783
3368921
3369055
3369145
3369215
3369311
3369522
3369619
3369783
3369838
3369972
3369990
3369993
3370017
3370025
3370027
3370263
3370279
3370362
3370367
3370515
3370562
3370580
3370623
3370640
3370721
3371001
3371122
3371470
3371472
3371520
3371594
3371733
3371749
3371754
3371908
3371911
3371961
3371975
3372025
3372412
3372414
3372421
3372512
3372600
3372863
3373039
3373190
3373686
3373853
3374198
3374271
3374292
3374417
3374464
3375047
3375049
3375314
3375326
3375367
3375368
3375510
3375563
3376183
3376237
3377018
3377263
3377287
3377519
3377738
3377805
3377823
3377835
3378142
3378177
3378401
3378464
3378478
3378479
3378539
3378643
3378682
3378709
3378717
3378733
3378774
3378966
3379027
3379429
3379618
3379688
3379719
3379774
3379854
3379960
3379995
3380003
3380530
3380538
3380780
3380789
3381050
3381137
3381257
3381277
3381360
3381409
3381499
3381905
3381924
3381992
3382073
3382117
3382535
3382973
3383210
3383247
3383319
3383326
3383397
3383812
3384132
3384204
3384243
3384369
3384427
3384460
3384568
3384926
3385635
3385836
3385849
3386109
3386219
3387432
3387505
3387525
3387546
3387572
3387848
3387880
3387883
3387895
3388076
3388104
3388382
3388596
3388716
3388927
3388928
3389036
3389376
3389639
3389806
3390608
3390661
3390861
3390896
3391189
3391537
3391773
3392016
3392085
3392108
3392158
3392449
3392458
3392484
3392894
3392950
3392954
3393234
3393373
3393920
3394820
3395085
3395126
3395474
3395490
3396813
3397303
3398116
3398198
3398207
3398295
3398326
3398498
3399053
3399287
3399458
3399652
3399800
3399821
3399861
3399882
3400439
3400738
3400750
3401125
3402066
3402258
3402524
3402526
3402774
3402862
3402894
3402921
3403188
3403196
3403239
3403315
3403357
3404066
3404312
3404720
3404745
3405113
3405715
3405836
3406054
3406551
3407282
3407368
3407559
3407594
3408454
3408967
3409021
3409184
3409218
3409447
3409471
3409750
3410641
3410652
3410671
3410715
3410721
3410819
3411171
3411370
3411451
3411529
3411849
3411908
3412094
3412096
3412098
3412119
3413084
3413152
3413159
3413161
3413169
3413184
3413191
3413690
3413722
3413967
3414277
3414405
3414407
3415079
3415100
3415114
3415200
3415204
3415492
3415506
3415866
3416088
3416236
3417303
3417450
3417468
3417702
3417839
3417875
3417904
3417910
3417966
3418338
3418363
3418587
3418597
3418702
3418834
3419106
3419257
3419907
3419940
3420096
3420474
3420601
3420624
3421009
3421378
3421535
3421630
3421633
3421647
3421648
3421649
3421651
3422160
3422267
3422440
3422627
3422644
3422713
3422960
3423022
3423226
3423249
3423261
3423762
3424366
3424389
3424406
3424559
3424780
3425053
3425842
3426022
3426193
3426753
3426842
3426844
3426863
3426989
3427598
3427758
3428380
3428675
3429041
3429077
3429251
3429253
3429561
3429649
3430327
3430332
3430544
3430677
3430778
3430784
3431200
3431665
3432187
3432468
3433081
3433255
3433411
3433434
3433437
3433440
3433509
3433583
3433585
3433783
3435214
3435233
3435277
3435746
3435853
3435858
3436067
3436215
3436353
3436757
3436918
3436953
3437088
3437110
3437302
3437307
3437570
3437578
3437584
3437641
3437642
3437725
3437955
3438256
3438430
3438487
3438525
3439124
3439574
3440484
3441069
3441070
3441263
3441265
3442174
3442431
3442533
3442884
3442892
3444444
3444501
3444775
3444790
3446183
3446184
3446374
3446376
3446489
3447255
3447311
3447314
3447429
3447474
3447752
3448258
3448857
3449072
3449724
3451108
3451143
3453366
3455012
3458970
3459354
3463441
3463445
3463447
3466151
3470063
3480727
3484249
3485928
9991073
9992363
9994517
9997649
9998172
9998255
9998828
9999358
9999416
9999561
NQ57452
NQ59216
NQ61620
NQ67898
NQ71475
NQ71501
NQ71675
NQ78278
NQ78365
NQ78671
NQ80903
NQ83019
NQ84640
NQ84994
NQ88475
NQ91683
NQ92731
NQ94948
NQ99453
NR02736
NR03010
NR04219
NR10522
NR11665
NR12843
NR13256
NR15781
NR22084
NR23026
NR23062
NR23515
NR23684
NR23832
NR25715
NR26770
NR27872
NR27931
NR28085
NR30117
NR30333
NR31938
NR31960
NR33069
NR35740
NR37401
NR38997
NR39802
NR41010
NR41018
NR41610
NR43360
NR43928
NR46416
NR50714
NR52513
NR57825
NR59513
NR62185
NR64097
NR64895
NR65818
NR66285
NR68588
NR72031
NR73559
10000296
10000544
10001443
10002303
10003324
10003361
10003407
10004237
10005393
10007460
10009271
10009420
10009836
10010631
10024046
10029226
10031983
10036010
10043081
10046133
10085576
10091635
10102524
3000478
3001879
3002362
3002448
3004237
3004259
3006073
3007258
3007566
3017570
3017792
3017794
3018028
3018227
3018244
3018255
3018265
3018269
3019882
3033098
3033104
3033153
3033160
3036933
3059557
3074010
3161562
3178069
3193123
3318436
3434866
3439789
3443290
3444284
3445187
3449709
3450773
3450775
3450781
3450945
3452436
3453022
3453321
3453574
3453575
3453577
3453603
3453615
3453676
3454250
3454259
3454272
3454289
3454494
3454518
3454925
3455356
3455624
3456135
3456139
3456425
3456757
3457096
3457536
3457556
3457562
3457750
3457837
3458264
3458495
3458834
3458836
3459156
3459751
3459887
3460290
3460328
3460334
3460380
3460422
3460450
3460534
3460536
3460537
3460873
3461548
3461603
3462083
3462967
3463649
3463719
3463731
3464004
3464767
3465141
3465612
3466543
3466635
3466677
3466803
3467085
3467566
3468522
3468676
3468854
3469329
3469411
3471388
3471490
3472102
3472268
3473254
3473316
3473344
3473393
3473496
3474600
3474601
3474613
3475777
3475778
3475781
3476671
3476792
3477727
3478191
3478285
3478339
3478581
3479380
3479404
3479493
3479910
3480160
3480294
3480827
3480863
3481044
3481142
3481153
3481159
3481240
3481619
3481808
3481891
3482608
3482619
3482803
3483148
3483517
3485215
3485902
3486145
3486305
3486639
3487330
3487785
3487834
3488044
3488144
3488264
3488549
3488722
3488966
3489320
3489568
3489888
3489982
3490519
3491052
3491463
3491509
3492454
3493020
3493841
3493939
3494028
3494029
3494661
3494772
3495363
3496265
3496271
3497860
3499171
3499175
3499368
3500073
3501669
3502280
3502884
3503139
3503190
3503347
3504202
3504219
3504485
3505328
3505628
3505982
3506182
3506357
3507115
3507249
3507250
3507743
3507744
3507945
3508002
3508127
3508271
3508480
3508581
3508595
3508619
3508836
3509240
3509290
3509963
3510052
3510626
3510651
3510806
3511183
3511638
3511775
3512021
3512150
3512422
3512578
3512743
3513062
3513305
3513368
3513369
3514021
3514139
3514252
3514337
3514339
3515334
3516786
3517334
3517369
3517389
3517426
3517435
3518131
3518551
3518772
3518817
3519055
3519251
3520741
3520839
3520845
3521042
3521493
3521563
3521904
3521907
3522171
3522191
3522483
3522546
3522596
3522607
3522630
3522800
3522857
3522995
3523017
3523214
3523297
3523406
3523746
3523768
3523974
3524423
3524496
3525075
3525079
3525740
3525762
3525877
3525889
3525896
3526467
3527329
3527722
3528243
3528902
3528907
3528908
3528911
3528912
3529412
3529963
3530016
3530125
3530126
3530738
3530770
3530795
3531236
3531393
3531428
3531951
3532075
3532777
3532867
3532963
3533337
3533706
3534055
3534138
3534474
3534562
3534826
3534872
3535146
3535750
3536318
3537079
3537700
3537726
3537773
3537896
3537935
3538251
3538281
3538305
3538764
3538796
3539022
3539260
3539485
3540098
3540290
3540563
3540916
3540918
3540991
3541409
3541670
3541686
3542066
3542739
3544133
3544311
3544348
3544379
3544429
3544540
3545115
3545208
3545321
3545357
3545499
3545553
3545605
3545807
3546078
3546084
3546107
3546184
3546592
3546729
3546961
3547068
3547312
3547601
3547817
3548140
3548527
3549007
3549525
3550207
3550394
3550611
3550898
3550900
3551261
3551809
3551870
3551950
3552032
3552083
3552113
3552525
3553051
3553477
3553571
3553664
3554485
3554741
3555546
3556193
3556258
3556552
3556672
3558112
3558240
3559114
3559124
3559129
3559228
3559598
3559715
3559732
3559981
3560014
3560066
3560080
3560129
3560486
3560517
3560798
3560815
3560838
3561659
3561889
3562050
3562587
3562762
3563079
3563273
3563286
3563332
3563365
3563550
3563604
3563729
3564632
3564721
3564754
3564798
3565331
3565864
3565925
3565947
3565991
3566126
3567398
3567432
3567859
3567878
3568290
3568854
3568982
3570693
3570836
3570877
3570879
3571121
3571155
3571168
3571654
3572213
3572377
3572991
3572997
3573592
3573688
3574470
3574492
3574642
3575179
3575193
3575600
3575623
3575655
3575662
3576503
3577718
3577866
3577868
3578891
3579298
3579894
3579952
3581252
3581673
3581686
3581844
3582114
3582320
3582387
3582390
3582401
3582544
3582622
3582805
3584322
3584353
3584382
3584667
3585458
3586144
3586152
3586211
3586374
3586738
3586967
3586973
3587078
3587293
3587748
3587750
3587838
3587946
3588104
3588357
3588358
3588728
3588877
3589252
3589997
3590110
3590579
3590799
3591246
3591400
3591562
3591639
3591725
3592011
3592068
3592293
3592512
3593449
3593473
3593605
3593751
3594497
3595141
3595234
3595269
3595418
3596124
3596174
3596281
3596367
3596370
3597232
3597235
3597241
3597244
3597365
3597851
3597957
3599002
3599242
3599492
3599496
3599698
3600784
3601180
3601197
3601210
3601211
3601600
3603053
3603079
3603217
3603304
3603755
3604176
3604277
3604752
3604758
3604878
3605053
3605410
3605646
3605759
3605920
3606405
3606696
3607649
3608813
3609423
3609501
3610053
3610291
3610486
3610519
3610742
3610794
3611370
3612265
3612709
3613307
3613426
3613554
3614145
3614423
3615517
3615560
3615736
3615744
3616113
3616369
3616686
3616737
3616745
3617064
3617363
3617534
3618235
3618644
3618965
3619035
3619756
3620365
3620438
3621321
3621792
3621919
3623388
3623412
3623439
3623492
3623812
3623961
3624164
3624185
3624559
3624582
3624751
3624910
3624946
3625045
3625704
3626446
3627039
3627042
3627101
3627182
3627946
3627995
3628387
3628870
3629157
3629692
3629706
3629725
3630697
3631224
3631331
3631478
3631507
3631685
3631886
3631910
3632097
3632421
3632477
3632504
3632836
3633105
3633373
3634272
3634341
3635020
3635155
3635223
3635411
3635752
3635872
3635906
3636083
3636333
3636494
3636609
3636740
3636795
3637187
3637193
3637535
3637688
3637821
3637955
3638041
3638173
3638713
3640055
3640237
3641092
3641262
3641385
3641386
3641414
3641996
3642791
3642937
3642950
3643099
3643246
3643704
3643815
3643849
3644039
3644461
3646129
3646785
3646900
3648509
3648533
3662381
3662427
3662959
3663059
3663291
3663302
3663316
3663714
3663779
3664498
3664649
3665039
3665673
3666475
3666696
3666708
3667198
3668689
3668716
3669287
3669526
3670488
3670581
3670665
3670708
3670730
3670761
3670762
3671233
3671259
3671268
3671274
3671371
3671402
3671556
3671566
3671587
3671657
3671794
3672247
3672264
3672645
3672646
3673037
3673485
3673727
3673749
3673816
3673964
3674219
3674237
3674254
3680821
3681778
3682168
3682480
3682481
3682506
3683262
3683310
3684306
3684352
3684709
3685523
3685612
3685634
3685757
3685957
3686138
3686896
3687122
3687128
3687721
3687751
3688819
3689149
3689230
3689488
3689944
3690346
3690526
3700562
3700864
3700880
3701093
3701573
3701608
3701715
3701726
3701769
3702029
3702127
3702152
3702326
3702354
3702889
3703291
3703864
3703884
3704042
3704201
3704212
3704303
3704462
3704526
3704660
3704680
3704765
3705153
3705279
3705595
3706278
3706299
3706864
3707148
3707381
3707921
3708092
3708182
3708563
3709082
3709222
3710099
3710222
3710251
3710306
3711061
3711633
3712554
3712618
3712817
3714371
3714461
3714782
3714987
3715399
3715476
3715565
3715615
3716000
3716460
3717093
3717429
3717492
3717881
3717918
3718032
3718254
3718260
3718275
3718467
3719193
3719278
3719636
3719721
3720263
3720311
3720929
3720984
3721036
3721657
3721719
3721793
3721795
3722150
3722264
3722417
3722534
3722553
3723262
3723280
3723313
3723320
3723881
3723973
3724626
3724657
3725108
3726128
3726790
3726817
3727031
3727446
3727726
3727957
3728430
3728594
3729457
3729462
3729478
3730535
3730931
3731834
3732237
3732362
3732468
3732560
3732605
3732606
3733157
3733186
3734308
3734369
3734498
3734682
3735118
3737044
3737372
3738057
3739599
3739615
3740083
3740406
3740484
3740505
3741043
3742220
3743332
3743617
3745332
3746264
3746374
9031303
9034358
9100548
9103345
9112467
9115007
9127172
9131568
9134753
9203643
9300294
9303958
9310157
9335119
9401549
9414894
9416617
9424610
9424681
9428172
9516225
9521346
9521914
9527038
9527256
9528330
9534923
9537404
9537459
9600205
9604120
9606614
9606997
9611227
9617003
9618302
9620227
9622120
9622733
9623678
9623730
9624001
9624339
9624510
9627490
9628997
9631863
9632309
9632976
9633384
9633397
9635703
9635782
9638278
9639365
9639378
9640051
9705199
9705259
9705342
9705375
9707850
9709694
9710977
9713619
9715600
9717979
9720813
9721390
9723242
9725650
9726578
9804043
9810318
9812451
9815209
9818883
9819783
9820221
9820416
9822009
9822310
9823061
9823249
9824200
9824267
9824495
9824615
9824712
9825797
9825898
9826160
9826178
9826433
9826453
9826760
9826845
9827221
9827593
9827673
9827834
9828474
9829274
9829325
9829497
9829729
9829772
9830079
9830288
9831224
9831456
9831898
9831928
9831949
9832196
9832257
9832718
9832752
9832812
9832814
9833217
9833421
9834067
9834181
9834471
9834477
9834562
9834579
9834636
9835563
9835907
9835919
9835922
9835954
9835961
9836414
9836585
9836677
9836707
9836795
9836918
9836932
9837273
9838059
9838113
9838234
9838412
9838497
9838650
9838653
9838805
9838847
9839081
9839149
9839464
9839805
9840109
9840242
9840672
9840923
9841057
9841099
9841243
9841683
9842184
9900050
9900200
9900263
9900360
9901201
9901268
9901299
9901340
9901675
9902154
9902170
9902346
9902571
9902917
9902959
9903062
9903081
9903198
9903214
9903325
9903386
9903637
9903781
9903782
9904153
9904329
9904331
9904361
9904483
9904501
9904604
9904616
9904784
9904863
9905116
9905747
9906272
9906326
9906501
9906518
9906570
9906597
9907048
9907056
9907059
9907336
9907353
9907394
9907585
9907588
9907917
9907970
9907972
9907980
9908058
9908110
9908271
9908282
9908448
9909110
9909196
9909704
9910208
9910277
9910511
9910677
9910977
9911220
9911446
9911509
9911624
9911755
9911868
9912452
9912826
9912830
9913156
9913355
9913586
9913590
9913597
9913609
9913748
9913812
9913862
9914531
9914573
9914872
9914894
9915000
9915396
9915704
9915737
9915905
9916027
9916028
9916114
9916203
9916229
9916252
9916563
9916654
9916682
9917486
9918093
9918385
9918585
9918620
9918826
9919066
9919292
9920059
9920870
9920988
9921115
9921880
9922106
9922110
9923189
9923398
9923617
9923645
9924356
9924792
9924983
9924986
9924988
9925612
9925838
9925873
9927514
9931171
9931461
9931832
9932952
9934364
9935321
9935557
9937026
9937431
9937918
9939355
9939785
9941079
9942274
9944196
9946955
9947837
9949142
9950536
9950990
9952931
9953752
9953768
9954915
9955008
9956328
9957635
9958946
9959140
9959373
9959377
9960535
9960541
9961031
9961484
9961559
9961560
9962761
9963094
9963501
9963504
9963505
9963640
9963944
9964302
9964482
9964490
9964915
9965414
9965874
9965890
9965897
9966049
9966119
9966131
9966133
9966152
9966162
9966818
9966897
9967028
9967286
9967359
9967710
9967905
9967936
9968304
9968423
9968580
9968698
9968701
9968788
9968810
9968978
9969140
9969221
9969439
9969455
9969477
9969683
9969705
9969773
9970112
9970209
9970431
9970480
9970518
9970548
9970550
9970554
9970918
9970933
9971063
9971097
9971378
9971384
9971386
9971512
9971532
9971610
9971807
9972131
9972142
9972345
9972985
9973290
9974037
9974586
9974606
9974984
9975031
9975360
9975788
9975822
9976039
9976062
9976256
9976305
9976315
9976349
9976974
9977312
9977995
9978105
9978436
9978500
9978538
9978544
9978647
9978813
9978816
9978886
9978927
9979147
9979279
9979406
9979512
9979719
9979893
9979902
9979909
9980076
9980308
9980344
9980407
9980643
9980664
9980744
9981200
9981236
9981269
9981420
9981438
9981516
9981766
9982056
9982108
9982196
9982239
9982638
9982640
9982641
9982742
9982967
9982991
9983047
9983048
9983067
9983245
9983345
9983534
9983787
9983920
9983988
9984207
9984285
9985137
9985584
9985587
9985590
9985635
9985710
9985722
9986526
9986906
9986957
9987193
9987199
9987848
9988079
9988396
9988404
9988436
9988652
9988833
9988907
9988986
9989054
9989057
9989199
9989275
9989314
9989404
9989628
9990136
9990227
9991251
9991401
9991492
9991790
9991842
9992078
9992097
9992240
9992270
9992606
9992808
9993043
9993179
9993415
9993420
9993575
9993774
9993865
9994219
9994474
9994863
9994908
9995038
9995050
9995324
9995829
9995944
9996070
9996076
9996132
9996140
9996144
9996438
9996523
9996525
9996527
9996530
9998028
9998051
9998059
9998065
9998347
9998357
9998594
9998600
9998646
9998659
9998827
9999533
9999771
9999946
NN07439
NN11950
NN12403
NN18974
NN19672
NQ22468
NQ23914
NQ27315
NQ28147
NQ28151
NQ32854
NQ35238
NQ35645
NQ37726
NQ49868
NQ51197
NQ51238
NQ56631
NQ57019
NQ59135
NQ69904
NR74092
NR89260
NR92128
NR93389
NR93791
NR94223
NS22605
NS24104
NS28037
NS28052
NS28468
T-32454
U601260
